Масло 0,5 82,5 0,8 A 684 E 2,8 
Огурец 0,8 0,1 2,8 C 14 
Помидор 1,1 0,2 3,7 C 13 
Сыр 24 31 0 D 1,5 E 0,3 
Курица 165 20,8 0 B6 0,75 B12 0,35 
Картофель 0,78 2 17 C 13 
Лук 0,1 1,4 4,3 C 8 
Морковь 0,8 0,8 6,9 A 852 C 9 
Говядина 250 18 20 B12 2 B6 0,6 
Рыба 150 16,1 1,6 D 0,4 B12 1,1
Молоко 3,4 3,6 4,8 A 0,2 D 0,5
Йогурт 5 3,8 12,1 B2 0,2 B12 0,9
Сметана 2,7 29,5 2,9 B2 0,1 A 0,2
Творог 18 0,6 2,2 B2 0,4 D 0,1
Творогг 18 0,7 2,5 B2 0,5 D 0,5
Оливки 0,8 10,7 6,3 C 1,8 E 0,5
Сельдерей 0,9 0,1 2,2 A 0,3 C 1,6
Петрушка 3,7 0,4 8 C 8,4 A 0,5
Базилик 3,2 0,6 2 C 18 A 0,1
Мята 3,8 0,9 14,9 C 8 E 0,3
Капуста 2,5 0,1 5,8 C 36
Брокколи 2,8 0,4 7 C 54 A 0,2
Шпинат 2,9 0,4 3,6 A 4,9 C 3,7
Арбуз 0,6 0,1 6,2 A 9 C 0,4
Яблоко 0,3 0,4 9,8 C 0,2
Груша 0,4 0,3 10,9 C 0,6 E 0,1
Персик 0,9 0,1 9,5 C 6 A 0,4
Манго 0,8 0,3 14,98 C 36
Апельсин 1 0,2 8,3 C 53
Мандарин 0,8 0,2 8,5 C 32
Лимон 1,1 0,1 3 C 53
Малина 1,2 0,3 12,2 C 26
Клубника 0,8 0,4 5,5 C 59
